360.0
6
2
650000
0,1,77
1,1,370
2,1,662
3,1,946
4,1,1231
5,1,1515
6,1,1809
7,8,2044
8,1,2402
9,1,2706
10,1,2998
11,1,3282
12,1,3560
13,1,3862
14,1,4170
15,1,4466
16,1,4764
17,1,5060
18,1,5346
19,1,5633
20,1,5918
21,1,6214
22,1,6527
23,1,6823
24,1,7106
25,1,7391
26,1,7670
27,1,7953
28,1,8245
29,1,8539
30,1,8837
31,1,9141
32,1,9431
33,1,9710
34,1,9998
35,1,10282
36,1,10591
37,1,10894
38,1,11191
39,1,11480
40,1,11781
41,1,12066
42,1,12350
43,1,12645
44,1,12949
45,1,13266
46,1,13562
47,1,13842
48,1,14131
49,1,14423
50,1,14710
51,1,15011
52,1,15310
53,1,15607
54,1,15899
55,1,16183
56,1,16464
57,1,16755
58,1,17058
59,1,17358
60,1,17657
61,1,17947
62,1,18227
63,1,18514
64,1,18795
65,1,19080
66,1,19388
67,1,19693
68,1,19989
69,1,20271
70,1,20554
71,1,20837
72,1,21131
73,1,21423
74,1,21729
75,1,22029
76,1,22321
77,1,22603
78,1,22881
79,1,23164
80,1,23453
81,1,23756
82,1,24053
83,1,24345
84,1,24625
85,1,24913
86,1,25197
87,1,25485
88,1,25779
89,1,26088
90,1,26387
91,1,26670
92,1,26952
93,1,27237
94,1,27536
95,1,27833
96,1,28132
97,1,28431
98,1,28727
99,1,29014
100,1,29294
101,1,29580
102,1,29873
103,1,30182
104,1,30487
105,1,30779
106,1,31065
107,1,31348
108,1,31635
109,1,31927
110,1,32224
111,1,32529
112,1,32836
113,1,33127
114,1,33403
115,1,33691
116,1,33980
117,1,34274
118,1,34575
119,1,34870
120,1,35168
121,1,35455
122,1,35736
123,1,36016
124,1,36309
125,1,36605
126,1,36916
127,1,37215
128,1,37499
129,1,37782
130,1,38071
131,1,38356
132,1,38651
133,1,38950
134,1,39252
135,1,39547
136,1,39825
137,1,40096
138,1,40382
139,1,40677
140,1,40970
141,1,41271
142,1,41567
143,1,41849
144,1,42117
145,1,42416
146,1,42697
147,1,42996
148,1,43307
149,1,43603
150,1,43892
151,1,44172
152,1,44455
153,1,44743
154,1,45030
155,1,45323
156,1,45628
157,1,45925
158,1,46204
159,1,46478
160,1,46759
161,1,47037
162,1,47334
163,1,47632
164,1,47919
165,1,48202
166,1,48486
167,1,48766
168,1,49040
169,1,49323
170,1,49618
171,1,49923
172,1,50214
173,1,50491
174,1,50771
175,1,51056
176,1,51339
177,1,51626
178,1,51921
179,1,52216
180,1,52506
181,1,52784
182,1,53063
183,1,53341
184,1,53631
185,1,53923
186,1,54219
187,1,54507
188,1,54784
189,1,55064
190,1,55343
191,1,55625
192,1,55908
193,1,56207
194,1,56502
195,1,56784
196,1,57055
197,1,57333
198,1,57615
199,1,57900
200,1,58192
201,1,58490
202,1,58788
203,1,59077
204,1,59354
205,1,59631
206,1,59919
207,1,60214
208,1,60515
209,1,60817
210,1,61105
211,1,61391
212,1,61680
213,1,61963
214,1,62247
215,1,62547
216,1,62852
217,1,63154
218,1,63438
219,1,63711
220,1,63998
221,1,64288
222,1,64581
223,1,64876
224,1,65174
225,1,65464
226,1,65750
227,1,66030
228,1,66307
229,1,66604
230,8,66792
231,1,67130
232,1,67434
233,1,67728
234,1,68007
235,1,68302
236,1,68594
237,1,68886
238,1,69191
239,1,69503
240,1,69796
241,1,70073
242,1,70357
243,1,70643
244,1,70941
245,1,71240
246,1,71539
247,1,71845
248,1,72138
249,1,72417
250,1,72703
251,1,72998
252,1,73301
253,1,73611
254,1,73911
255,1,74196
256,1,74483
257,1,74767
258,8,74986
259,1,75332
260,1,75632
261,1,75934
262,1,76233
263,1,76515
264,1,76785
265,1,77074
266,1,77366
267,1,77663
268,1,77954
269,1,78251
270,1,78539
271,1,78824
272,1,79100
273,1,79386
274,1,79689
275,1,79991
276,1,80290
277,1,80583
278,1,80868
279,1,81152
280,1,81439
281,1,81730
282,1,82030
283,1,82335
284,1,82636
285,1,82927
286,1,83209
287,1,83492
288,1,83794
289,1,84103
290,1,84407
291,1,84709
292,1,85010
293,1,85303
294,1,85580
295,1,85870
296,1,86171
297,1,86478
298,1,86780
299,1,87079
300,1,87364
301,1,87652
302,1,87941
303,1,88232
304,1,88530
305,1,88834
306,1,89135
307,1,89421
308,1,89703
309,1,89988
310,1,90286
311,1,90590
312,1,90885
313,1,91190
314,1,91481
315,1,91761
316,1,92046
317,1,92338
318,1,92633
319,1,92944
320,1,93246
321,1,93534
322,1,93824
323,1,94102
324,1,94395
325,1,94693
326,1,94996
327,1,95298
328,1,95606
329,1,95893
330,1,96171
331,1,96450
332,1,96746
333,1,97050
334,1,97348
335,1,97644
336,1,97936
337,1,98228
338,1,98508
339,1,98789
340,1,99084
341,1,99382
342,8,99579
343,1,99930
344,1,100218
345,1,100496
346,1,100781
347,1,101071
348,1,101361
349,1,101653
350,1,101941
351,1,102234
352,1,102516
353,1,102793
354,1,103074
355,1,103371
356,1,103669
357,1,103964
358,1,104261
359,1,104545
360,1,104830
361,1,105118
362,1,105407
363,1,105707
364,1,106015
365,1,106314
366,1,106600
367,1,106882
368,1,107159
369,1,107453
370,1,107750
371,1,108045
372,1,108342
373,1,108643
374,1,108926
375,1,109199
376,1,109486
377,1,109772
378,1,110076
379,1,110374
380,1,110673
381,1,110963
382,1,111244
383,1,111524
384,1,111810
385,1,112108
386,1,112405
387,1,112710
388,1,113000
389,1,113281
390,1,113562
391,1,113850
392,1,114142
393,1,114428
394,1,114716
395,1,115000
396,1,115280
397,1,115547
398,1,115815
399,1,116084
400,1,116369
401,1,116654
402,1,116939
403,1,117213
404,1,117494
405,1,117766
406,1,118044
407,1,118323
408,1,118607
409,1,118911
410,1,119215
411,1,119509
412,1,119791
413,1,120077
414,1,120376
415,1,120676
416,1,120990
417,1,121300
418,1,121604
419,1,121889
420,1,122170
421,1,122460
422,1,122750
423,1,123050
424,1,123360
425,1,123664
426,1,123936
427,1,124221
428,1,124507
429,1,124775
430,1,125060
431,1,125355
432,1,125648
433,1,125926
434,1,126203
435,1,126476
436,1,126746
437,1,127025
438,1,127313
439,1,127603
440,1,127892
441,8,128085
442,1,128423
443,1,128698
444,1,128958
445,1,129230
446,1,129519
447,1,129798
448,1,130057
449,1,130318
450,1,130568
451,1,130818
452,1,131073
453,1,131326
454,1,131584
455,1,131851
456,1,132122
457,1,132381
458,1,132629
459,1,132883
460,1,133132
461,1,133390
462,1,133662
463,1,133933
464,1,134197
465,1,134463
466,1,134737
467,1,134990
468,1,135243
469,1,135504
470,1,135780
471,1,136061
472,1,136350
473,1,136630
474,1,136899
475,1,137170
476,1,137449
477,1,137729
478,1,138008
479,1,138304
480,1,138598
481,1,138888
482,1,139164
483,1,139440
484,1,139719
485,1,140009
486,1,140302
487,1,140599
488,1,140881
489,1,141152
490,1,141423
491,1,141684
492,1,141943
493,1,142207
494,1,142479
495,1,142747
496,1,143010
497,1,143265
498,1,143515
499,1,143766
500,1,144025
501,1,144286
502,1,144557
503,1,144832
504,1,145111
505,1,145381
506,1,145647
507,1,145902
508,1,146170
509,1,146445
510,1,146737
511,1,147013
512,1,147290
513,1,147565
514,1,147832
515,1,148099
516,1,148363
517,1,148637
518,1,148916
519,1,149204
520,1,149488
521,1,149768
522,1,150030
523,1,150303
524,1,150575
525,1,150849
526,1,151122
527,1,151407
528,1,151700
529,1,151974
530,1,152237
531,1,152510
532,1,152781
533,1,153067
534,1,153362
535,1,153644
536,1,153922
537,1,154193
538,1,154470
539,1,154741
540,1,155009
541,1,155291
542,1,155588
543,1,155865
544,1,156132
545,1,156395
546,1,156648
547,1,156906
548,1,157168
549,1,157430
550,1,157695
551,1,157960
552,1,158233
553,1,158489
554,1,158730
555,1,158974
556,1,159225
557,1,159479
558,1,159738
559,1,160001
560,1,160260
561,1,160507
562,1,160755
563,1,161005
564,1,161254
565,1,161499
566,1,161764
567,1,162035
568,1,162308
569,1,162573
570,1,162835
571,1,163093
572,1,163362
573,1,163629
574,1,163899
575,1,164182
576,1,164461
577,1,164731
578,1,164991
579,1,165246
580,1,165499
581,1,165756
582,1,166032
583,1,166301
584,1,166570
585,1,166841
586,1,167111
587,1,167371
588,1,167641
589,1,167912
590,1,168191
591,1,168484
592,1,168784
593,1,169074
594,1,169349
595,1,169629
596,1,169907
597,1,170201
598,1,170495
599,8,170719
600,1,171074
601,1,171371
602,1,171652
603,1,171921
604,1,172199
605,1,172481
606,1,172776
607,1,173067
608,1,173351
609,1,173629
610,1,173907
611,1,174176
612,1,174451
613,1,174737
614,1,175023
615,1,175323
616,1,175608
617,1,175877
618,1,176145
619,1,176427
620,1,176698
621,1,176975
622,1,177248
623,1,177523
624,1,177797
625,1,178059
626,1,178316
627,1,178578
628,1,178841
629,1,179117
630,1,179388
631,1,179662
632,1,179927
633,1,180182
634,1,180443
635,1,180705
636,1,180964
637,1,181236
638,1,181523
639,1,181811
640,1,182084
641,1,182353
642,1,182624
643,1,182896
644,1,183181
645,1,183475
646,1,183778
647,1,184071
648,1,184361
649,1,184649
650,1,184933
651,1,185213
652,1,185510
653,1,185828
654,1,186137
655,1,186428
656,1,186717
657,1,187005
658,1,187291
659,1,187577
660,1,187872
661,1,188179
662,1,188481
663,1,188763
664,1,189043
665,1,189330
666,1,189624
667,1,189929
668,1,190228
669,1,190529
670,1,190820
671,1,191112
672,1,191395
673,1,191674
674,1,191977
675,1,192281
676,1,192575
677,1,192862
678,1,193146
679,1,193423
680,1,193703
681,1,193994
682,1,194281
683,1,194574
684,1,194868
685,1,195156
686,1,195426
687,1,195701
688,1,195978
689,1,196268
690,1,196560
691,1,196847
692,1,197132
693,1,197414
694,1,197685
695,1,197950
696,1,198224
697,1,198504
698,1,198791
699,1,199075
700,1,199353
701,1,199619
702,1,199894
703,1,200161
704,1,200434
705,1,200714
706,1,200993
707,1,201271
708,1,201545
709,1,201806
710,1,202067
711,1,202339
712,1,202614
713,1,202896
714,1,203182
715,1,203468
716,1,203741
717,1,204021
718,1,204299
719,1,204574
720,1,204854
721,1,205158
722,1,205459
723,1,205737
724,1,206016
725,1,206288
726,1,206567
727,1,206844
728,1,207130
729,1,207421
730,1,207724
731,1,208004
732,1,208277
733,1,208548
734,1,208822
735,1,209100
736,1,209392
737,1,209683
738,1,209973
739,1,210256
740,1,210534
741,1,210809
742,1,211085
743,1,211364
744,1,211654
745,1,211951
746,1,212228
747,1,212502
748,1,212777
749,1,213058
750,1,213326
751,1,213606
752,1,213894
753,1,214181
754,1,214465
755,1,214738
756,1,215005
757,1,215280
758,1,215563
759,1,215850
760,1,216141
761,1,216431
762,1,216710
763,1,216990
764,1,217268
765,1,217547
766,1,217824
767,1,218122
768,1,218416
769,1,218703
770,1,218972
771,1,219246
772,1,219529
773,1,219813
774,1,220098
775,1,220391
776,1,220691
777,1,220977
778,1,221252
779,1,221527
780,1,221804
781,1,222081
782,1,222375
783,1,222666
784,1,222951
785,1,223227
786,1,223507
787,1,223783
788,1,224047
789,1,224328
790,1,224621
791,1,224915
792,1,225195
793,1,225472
794,1,225743
795,1,226024
796,1,226296
797,1,226573
798,1,226863
799,1,227144
800,1,227427
801,1,227702
802,1,227975
803,1,228238
804,1,228516
805,1,228808
806,1,229094
807,1,229376
808,1,229660
809,1,229936
810,1,230214
811,1,230485
812,1,230761
813,1,231058
814,1,231357
815,1,231638
816,1,231913
817,1,232190
818,1,232459
819,1,232732
820,1,233016
821,1,233301
822,1,233588
823,1,233875
824,1,234151
825,1,234415
826,1,234684
827,1,234959
828,1,235249
829,1,235547
830,1,235828
831,1,236108
832,1,236390
833,1,236664
834,1,236927
835,1,237205
836,1,237495
837,1,237783
838,1,238070
839,1,238343
840,1,238610
841,1,238884
842,1,239157
843,1,239433
844,1,239717
845,1,239996
846,1,240266
847,1,240541
848,1,240809
849,1,241065
850,1,241318
851,1,241588
852,1,241855
853,1,242114
854,1,242373
855,1,242632
856,1,242879
857,1,243132
858,1,243388
859,1,243643
860,1,243908
861,1,244191
862,1,244461
863,1,244729
864,1,244984
865,1,245246
866,1,245515
867,1,245791
868,1,246065
869,1,246352
870,1,246647
871,1,246935
872,1,247201
873,1,247469
874,1,247742
875,1,248017
876,1,248300
877,1,248586
878,1,248878
879,1,249158
880,1,249433
881,1,249706
882,1,249988
883,1,250273
884,1,250558
885,1,250858
886,1,251160
887,1,251441
888,1,251710
889,1,251994
890,1,252285
891,1,252584
892,1,252868
893,1,253159
894,1,253456
895,1,253741
896,1,254010
897,1,254282
898,1,254585
899,1,254891
900,1,255170
901,1,255453
902,1,255738
903,1,256027
904,1,256295
905,1,256572
906,1,256860
907,1,257157
908,1,257439
909,1,257710
910,1,257966
911,1,258226
912,1,258478
913,1,258737
914,1,259005
915,1,259280
916,1,259541
917,1,259811
918,1,260076
919,1,260334
920,1,260585
921,1,260852
922,1,261132
923,1,261417
924,1,261690
925,1,261968
926,1,262241
927,1,262516
928,1,262789
929,1,263062
930,1,263350
931,1,263641
932,1,263931
933,1,264217
934,1,264499
935,1,264772
936,1,265062
937,1,265354
938,1,265651
939,1,265947
940,1,266238
941,1,266528
942,1,266815
943,1,267099
944,1,267375
945,1,267679
946,1,267978
947,1,268260
948,1,268544
949,1,268823
950,1,269102
951,1,269384
952,1,269669
953,1,269960
954,1,270257
955,1,270550
956,1,270821
957,1,271094
958,1,271370
959,1,271656
960,1,271952
961,1,272244
962,1,272533
963,1,272839
964,1,273123
965,1,273394
966,1,273675
967,1,273967
968,1,274264
969,1,274560
970,1,274852
971,1,275131
972,1,275403
973,1,275671
974,1,275949
975,1,276235
976,1,276516
977,1,276804
978,1,277102
979,1,277388
980,1,277649
981,1,277923
982,1,278211
983,1,278518
984,1,278814
985,1,279098
986,1,279382
987,8,279576
988,1,279918
989,1,280209
990,1,280511
991,1,280814
992,1,281110
993,1,281402
994,1,281682
995,1,281955
996,1,282232
997,1,282513
998,1,282801
999,1,283096
