360.0
6
2
650000
0,1,77
1,1,370
2,1,662
3,1,946
4,1,1231
5,1,1515
6,1,1809
7,8,2044
8,1,2402
9,1,2706
10,1,2998
11,1,3282
12,1,3560
13,1,3862
14,1,4170
15,1,4466
16,1,4764
17,1,5060
18,1,5346
19,1,5633
20,1,5918
21,1,6214
22,1,6527
23,1,6823
24,1,7106
25,1,7391
26,1,7670
27,1,7953
28,1,8245
29,1,8539
30,1,8837
31,1,9141
32,1,9431
33,1,9710
34,1,9998
35,1,10282
36,1,10591
37,1,10894
38,1,11191
39,1,11480
40,1,11781
41,1,12066
42,1,12350
43,1,12645
44,1,12949
45,1,13266
46,1,13562
47,1,13842
48,1,14131
49,1,14423
50,1,14710
51,1,15011
52,1,15310
53,1,15607
54,1,15899
55,1,16183
56,1,16464
57,1,16755
58,1,17058
59,1,17358
60,1,17657
61,1,17947
62,1,18227
63,1,18514
64,1,18795
65,1,19080
66,1,19388
67,1,19693
68,1,19989
69,1,20271
70,1,20554
71,1,20837
72,1,21131
73,1,21423
74,1,21729
75,1,22029
76,1,22321
77,1,22603
78,1,22881
79,1,23164
80,1,23453
81,1,23756
82,1,24053
83,1,24345
84,1,24625
85,1,24913
86,1,25197
87,1,25485
88,1,25779
89,1,26088
90,1,26387
91,1,26670
92,1,26952
93,1,27237
94,1,27536
95,1,27833
96,1,28132
97,1,28431
98,1,28727
99,1,29014
100,1,29294
